4002 Theodore Morris
6 50.1519 34.3394 25.3671 18.3904 54.8886 59.5166 
13271 Alaina Chan
4 40.1655 30.8015 20.89621 42.8197 
2144 Eric Morrison
7 38.9912 14.6095 37.6085 14.2842 34.0557 27.4202 20.5229 
6766 Kate Mann
7 41.2705 54.958 51.3596 70.10712 35.4523 64.813 67.5684 
2642 Saul Davidson
7 62.4187 47.0529 33.0916 41.445 10.5588 17.4601 11.259 
12674 Kaila Carter
3 23.2902 45.4719 52.3058 
9166 Moises Walsh
4 44.6824 70.9169 55.8169 61.4844 
30434 Weston Luna
8 59.3717 40.5401 16.5416 45.5275 63.5435 37.23606 57.4694 21.7171 
6547 Sadie Wood
4 37.7196 29.6818 60.7782 28.18 
24947 Noe Manning
1 48.6102 
18521 Ariel Rowe
7 16.7241 31.5662 19.92199 49.3362 40.7606 60.6869 56.2395 
5192 Kristin Paul
5 71.149 65.1404 62.8551 24.5935 40.3262 
2123 Phoebe Terry
1 26.85
4142 Tommy Watkins
7 10.773 44.1984 25.8392 50.703 37.6462 12.0386 21.247 
16516 Karina Jennings
4 39.8362 61.7462 25.0934 66.4536 
26603 Tianna Jackson
9 16.7082 67.5506 25.1866 13.3419 53.5436 17.8032 61.3435 36.5532 16.5853 
20439 Cesar Bailey
1 24.6928 
26789 Maximilian Mann
0 
32473 Alanna Singh
8 22.0246 31.9609 38.57109 70.2444 40.9352 18.5709 28.5291 66.5488 
9988 Giovanni Hubbard
2 67.5803 70.3238 
5277 Francis Wang
10 51.9229 30.2847 42.2306 45.3033 51.8793 9.74148 30.9373 52.8017 63.966 68.4274 
3539 Lance Perez
7 7.92639 19.5509 46.9776 50.338 38.2255 63.476 40.0009 
26250 Cade Guzman
8 16.8828 31.0722 34.9484 28.1721 23.8853 43.272 69.9984 39.3106 
8278 Raven Howard
8 46.4559 16.7102 19.9754 44.7479 49.2509 64.204 16.7063 16.3948 
6755 Ivan Rivera
7 55.202 25.9126 32.3616 33.659 21.1339 22.2428 22.9093 
22153 Mark Kevin
10 68.23 52.84 11.54 64.56 60.4 56.66 15.76 16.31 10.08 46.44  
3002 Salvador Hampton
5 67.4653 41.4807 71.1034 71.0736 70.5975 