9988 2 67.5803 170.3238  
22153 10 68.23 80.84 40.54 64.56 60.4 56.66 90.76 30.31 50.08 46.44 
8278 9 100.46 50.05 45.9 92.29 55.7 30.5 27.06 58.01 55.93  
2123 10 68.23 52.84 54.54 64.56 60.4 56.66 75.76 16.31 90.08 46.44 
26603 8 100 90 70.65 44.23 100.43 60.43 70 80.56
5192 6 44.81 45.27 41.61 81.91 36.95 61.42 
26789 7 70.91 63.04 46.02 81.53 9.92 65.82 51.21 
26250 9 100.95 61.47 79.26 64.71 57.38 45.69 55.12 68.67 49.99 
12674 5 34.03 50.11 60.22 50.33 53.73 
18521 2 69.11 29.53 
2642 8 23.44 81.62 96.57 112.37 70.59 29.23 39.41 22.29 
26789 7 55.23 62.37 57.38 78.18 57.82 41.29 42.41

  



